before: 3.14159
after: 2.71719
before: 3.14159
after: 2.71719
before: 3.14159
after: 2.71719
before: 3.14159
after: 2.71719
**325
**326
